[LEFT_CAM_2K]
fx=1401.91
fy=1401.91
cx=1188.14
cy=650.508
k1=-0.172316
k2=0.0249441

[RIGHT_CAM_2K]
fx=1397.9
fy=1397.9
cx=1219.33
cy=673.657
k1=-0.173639
k2=0.0269997

[LEFT_CAM_FHD]
fx=1401.91
fy=1401.91
cx=1044.14
cy=569.508
k1=-0.172316
k2=0.0249441

[RIGHT_CAM_FHD]
fx=1397.9
fy=1397.9
cx=1075.33
cy=592.657
k1=-0.173639
k2=0.0269997

[LEFT_CAM_HD]
fx=700.955
fy=700.955
cx=680.571
cy=373.254
k1=-0.172316
k2=0.0249441

[RIGHT_CAM_HD]
fx=698.948
fy=698.948
cx=696.166
cy=384.828
k1=-0.173639
k2=0.0269997

[LEFT_CAM_VGA]
fx=700.955
fy=700.955
cx=360.571
cy=253.254
k1=-0.172316
k2=0.0249441

[RIGHT_CAM_VGA]
fx=698.948
fy=698.948
cx=376.166
cy=264.828
k1=-0.173639
k2=0.0269997

[STEREO]
Baseline=120
CV_2K=0.0171424
CV_FHD=0.0171424
CV_HD=0.0171424
CV_VGA=0.0171424
RX_2K=-0.0145834
RX_FHD=-0.0145834
RX_HD=-0.0145834
RX_VGA=-0.0145834
RZ_2K=-0.00145912
RZ_FHD=-0.00145912
RZ_HD=-0.00145912
RZ_VGA=-0.00145912


